0 0.26796875 0.3125 0.1328125 0.09375
0 0.2765625 0.46171875 0.14609375 0.146875
0 0.321875 0.603125 0.11953125 0.13828125
0 0.16640625 0.2484375 0.084375 0.0640625
0 0.1453125 0.3078125 0.0734375 0.07578125
0 0.31953125 0.19609375 0.08046875 0.10859375
0 0.7109375 0.33359375 0.12265625 0.11171875
0 0.875 0.16875 0.1140625 0.10703125
0 0.8546875 0.43671875 0.103125 0.096875
0 0.7203125 0.48046875 0.1140625 0.1078125
0 0.8515625 0.60703125 0.12109375 0.13671875
0 0.66953125 0.68046875 0.1296875 0.075