0 0.51484375 0.4484375 0.14375 0.11015625
0 0.5328125 0.56875 0.13046875 0.09765625
0 0.52421875 0.78984375 0.1109375 0.10546875
0 0.55703125 0.91015625 0.140625 0.11328125
0 0.8578125 0.76796875 0.12265625 0.09609375
0 0.89296875 0.51875 0.1046875 0.10390625
0 0.8796875 0.39140625 0.1671875 0.115625
0 0.45859375 0.2609375 0.134375 0.10078125
0 0.29921875 0.5515625 0.11953125 0.11796875
0 0.1828125 0.45 0.10625 0.1
0 0.2015625 0.55390625 0.07734375 0.09921875
0 0.32578125 0.27578125 0.09140625 0.15390625