0 0.31875 0.26953125 0.090625 0.1375
0 0.4515625 0.26015625 0.12109375 0.109375
0 0.2875 0.53828125 0.09375 0.09921875
0 0.18515625 0.4484375 0.08671875 0.09296875
0 0.20390625 0.559375 0.06875 0.096875
0 0.525 0.5671875 0.1265625 0.10234375
0 0.5125 0.43984375 0.1390625 0.10625
0 0.87421875 0.39765625 0.128125 0.1046875
0 0.85 0.76328125 0.13359375 0.09375
0 0.8765625 0.86484375 0.08046875 0.07890625
0 0.8203125 0.2140625 0.0984375 0.0921875
0 0.6546875 0.315625 0.11640625 0.17265625
0 0.53828125 0.7984375 0.12578125 0.10078125
0 0.55234375 0.9109375 0.1171875 0.11171875
0 0.3875 0.5296875 0.1 0.16328125