0 0.553125 0.33671875 0.0765625 0.05078125
0 0.4375 0.3140625 0.0921875 0.0515625
0 0.44609375 0.39140625 0.09375 0.0765625
0 0.4671875 0.45859375 0.1234375 0.05
0 0.496875 0.49921875 0.0984375 0.06328125
0 0.58515625 0.46953125 0.0875 0.06328125
0 0.44140625 0.54140625 0.10390625 0.06171875
0 0.57265625 0.56953125 0.103125 0.053125
0 0.5671875 0.63515625 0.07578125 0.0546875
0 0.55703125 0.78984375 0.06875 0.05390625
0 0.5359375 0.8703125 0.07890625 0.0484375
0 0.4125 0.86015625 0.0796875 0.0640625